11100000101001001000010001010011
11110000101001001000010001010011
11100010101001001000010001010011
11110010101001001000010001010011
00000000101001001000010000110011
01000000101001001000010000110011
00000010101001001000010000110011
00000000101001001001010000110011
00000010101001001001010000110011
00000000101001001010010000110011
00000010101001001010010000110011
00000000101001001011010000110011
00000010101001001011010000110011
00000000101001001100010000110011
00000010101001001100010000110011
00000000101001001101010000110011
00000010101001001101010000110011
01000000101001001101010000110011
00000000101001001110010000110011
00000010101001001110010000110011
00000000101001001111010000110011
00000010101001001111010000110011
00000000101001001001010000010011
00000000101001001101010000010011
01000000101001001101010000010011
00000000101001001000010000111011
00000010101001001000010000111011
01000000101001001000010000111011
00000000101001001001010000111011
00000010101001001100010000111011
00000000101001001101010000111011
01000000101001001101010000111011
00000010101001001101010000111011
00000010101001001110010000111011
00000010101001001111010000111011
00000000101001001001010000011011
00000000101001001101010000011011
01000000101001001101010000011011
00000000011101001000010000000011
00000000011101001001010000000011
00000000011101001010010000000011
00000000011101001011010000000011
00000000011101001100010000000011
00000000011101001101010000000011
00000000011101001110010000000011
00000000011101001010010000000111
00000000011101001011010000000111
00000000011101001000010000010011
00000000011101001010010000010011
00000000011101001011010000010011
00000000011101001100010000010011
00000000011101001110010000010011
00000000011101001111010000010011
00000000011101001000010000011011
00000000011101001000010001100111
00001110101001001000000110100011
00001110101001001001000110100011
00001110101001001010000110100011
00001110101001001011000110100011
00001110101001001010000110100111
00001110101001001011000110100111
00001110101001001000000111100011
00001110101001001001000111100011
00001110101001001100000111100011
00001110101001001101000111100011
00001110101001001110000111100011
00001110101001001111000111100011
00000000000000000111010000110111
00000000000000000111010000010111
00000000000000000111010001101111
